0 46
0 30
0 35
30 36
35 36
30 31
36 1
31 32
32 33
32 37
1 37
2 37
2 33
33 34
34 41
2 40
40 41
37 43
42 43
42 41
42 104
104 27
105 27
43 106
104 106
105 103
103 7
103 5
102 5
106 4
101 4
100 101
101 102
99 102
99 100
101 39
102 6
97 6
38 39
36 38
3 38
3 44
44 100
99 98
38 69
69 70
44 92
98 93
92 93
93 9
92 9
92 70
93 94
97 94
97 96
96 8
95 8
95 29
94 95
29 85
94 76
68 70
35 60
60 61
61 62
46 10
10 45
46 47
47 48
48 15
48 49
49 45
49 50
15 64
53 11
11 52
52 50
50 51
53 28
52 16
16 54
54 56
51 56
51 64
64 63
63 62
63 14
64 23
23 22
22 58
14 65
65 13
65 66
62 66
66 67
67 68
68 75
67 59
58 59
13 59
59 12
12 74
71 58
56 57
57 71
71 73
55 57
54 17
17 55
55 18
18 72
72 73
73 74
74 75
75 77
77 76
76 86
86 25
25 85
85 26
84 26
83 84
87 84
87 88
87 90
90 91
91 28
28 79
72 79
79 80
80 19
19 81
81 20
20 89
89 21
21 90
88 89
88 82
82 78
82 83
83 86
77 78
78 24
24 82
81 82
80 78
78 73
100 92
99 93
74 77
100 9
9 99
