1 533 80 
2 637 207 
3 792 209 
4 609 386 
5 742 462 
6 768 512 
7 709 576 
8 856 570 
9 554 704 
10 508 485 
11 175 77 
12 52 211 
13 255 417 
14 258 352 
15 254 287 
16 211 197 
17 81 240 
18 83 328 
19 85 416 
20 89 588 
21 91 655 
22 89 724 
23 213 349 
24 212 294 
25 176 570 
26 325 680 
27 329 753 
28 977 485 
29 11 489 
30 476 704 
31 597 78 
32 676 79 
33 694 131 
34 775 133 
35 893 134 
36 518 207 
37 600 206 
38 719 204 
39 603 269 
40 700 271 
41 777 286 
42 899 287 
43 899 321 
44 768 319 
45 605 423 
46 143 80 
47 266 80 
48 262 153 
49 207 166 
50 151 165 
51 145 213 
52 148 243 
53 84 211 
54 12 211 
55 79 278 
56 86 372 
57 146 281 
58 149 373 
59 214 389 
60 252 388 
61 363 208 
62 334 220 
63 318 254 
64 250 253 
65 212 251 
66 250 318 
67 318 322 
68 320 385 
69 321 399 
70 499 270 
71 505 397 
72 152 388 
73 83 450 
74 152 449 
75 254 449 
76 319 451 
77 320 570 
78 319 525 
79 152 523 
80 81 491 
81 84 523 
82 87 622 
83 154 619 
84 241 618 
85 244 751 
86 328 710 
87 323 617 
88 158 753 
89 157 689 
90 92 689 
91 88 758 
92 25 760 
93 562 441 
94 558 524 
95 515 571 
96 515 705 
97 595 714 
98 592 573 
99 610 549 
100 668 506 
101 670 465 
102 705 462 
103 708 509 
104 848 509 
105 904 462 
106 907 509 
107 799 461 
